date,time,dN[mm],DN[mm],dE[mm],DE[mm],dU[mm],DU[mm]
2023/11/09,12:00:00,-195.29,2.61,513.52,1.88,347.15,11.61
2023/11/10,12:00:00,-210.32,6.32,467.17,10.60,359.11,25.30
2023/11/11,12:00:00,39.30,2.27,-143.06,2.18,-125.51,9.13
2023/11/12,12:00:00,74.57,1.69,-182.57,1.45,-126.55,7.07
2023/11/13,12:00:00,90.98,1.96,-210.92,1.68,-104.68,8.41
2023/11/14,12:00:00,110.45,1.91,-229.54,1.63,-87.48,8.14
2023/11/15,12:00:00,117.97,1.88,-249.22,1.61,-70.29,7.93
2023/11/16,12:00:00,124.42,1.77,-263.99,1.51,-49.30,7.56
2023/11/17,12:00:00,129.14,1.83,-272.45,1.56,-34.19,7.84
2023/11/18,12:00:00,134.27,1.66,-282.89,1.40,-17.69,7.01
2023/11/19,12:00:00,142.39,1.79,-286.91,1.62,-2.46,7.87
2023/11/20,12:00:00,147.39,1.77,-298.05,1.57,16.89,7.60
2023/11/21,12:00:00,151.35,1.97,-302.08,1.74,22.75,8.43
2023/11/22,12:00:00,152.68,1.94,-305.78,1.68,39.42,8.36
2023/11/23,12:00:00,159.13,1.89,-305.71,1.77,59.86,8.43
2023/11/24,12:00:00,157.32,1.84,-308.42,1.62,69.70,7.86
2023/11/25,12:00:00,155.81,2.31,-315.30,1.99,78.26,9.99
2023/11/26,12:00:00,158.06,1.66,-317.63,1.56,90.96,7.11
2023/11/27,12:00:00,161.25,1.78,-320.97,1.59,98.04,7.64
2023/11/28,12:00:00,164.19,5.72,-446.09,5.30,87.93,13.74
2023/11/29,12:00:00,165.85,1.78,-321.48,1.59,117.58,7.63
2023/11/30,12:00:00,167.25,1.86,-319.78,1.67,127.36,7.87
2023/12/01,12:00:00,168.38,1.96,-323.15,1.81,137.94,8.27
2023/12/02,12:00:00,170.28,1.65,-324.24,1.47,148.35,6.90
2023/12/03,12:00:00,173.41,1.74,-326.42,1.59,150.33,7.41
2023/12/04,12:00:00,175.63,1.80,-326.33,1.64,163.58,7.56
2023/12/05,12:00:00,178.78,1.77,-328.45,1.62,172.98,7.59
2023/12/06,12:00:00,176.67,1.72,-327.54,1.55,186.64,7.28
2023/12/07,12:00:00,176.11,1.71,-327.22,1.61,193.15,7.70
2023/12/08,12:00:00,181.72,1.73,-332.26,1.59,195.50,7.40
2023/12/09,12:00:00,182.98,1.64,-334.56,1.48,200.74,6.96
2023/12/10,12:00:00,182.94,1.70,-332.91,1.53,208.75,7.23
2023/12/11,12:00:00,186.19,1.76,-334.19,1.58,213.95,7.51
2023/12/12,12:00:00,188.85,1.72,-336.40,1.58,221.88,7.60
2023/12/13,12:00:00,187.51,1.67,-340.43,1.52,219.66,7.25
2023/12/14,12:00:00,188.73,2.01,-342.04,1.71,221.86,8.31
2023/12/15,12:00:00,192.52,1.84,-340.47,1.64,230.80,8.01
2023/12/16,12:00:00,194.19,1.79,-342.37,1.57,241.30,7.71
2023/12/17,12:00:00,194.39,1.79,-342.31,1.58,244.56,7.56
2023/12/18,12:00:00,193.38,2.07,-346.45,1.86,257.09,8.76
2023/12/19,12:00:00,204.98,2.10,-465.88,1.84,132.03,9.09
2023/12/20,12:00:00,207.23,1.84,-468.28,1.63,132.72,7.84
2023/12/21,12:00:00,211.16,1.84,-470.28,1.61,146.15,7.86
2023/12/22,12:00:00,212.91,1.80,-471.27,1.60,151.18,7.67
2023/12/23,12:00:00,211.10,1.75,-474.29,1.56,159.55,7.47
2023/12/24,12:00:00,209.21,1.79,-469.84,1.60,162.54,7.65
2023/12/25,12:00:00,211.09,1.74,-471.90,1.55,170.78,7.44
2023/12/26,12:00:00,211.42,1.63,-479.80,1.45,188.60,6.85
2023/12/27,12:00:00,214.90,1.55,-476.94,1.39,194.27,6.55
2023/12/28,12:00:00,214.76,1.50,-474.81,1.34,200.96,6.38
2023/12/29,12:00:00,217.57,1.44,-474.76,1.32,212.01,6.11
2023/12/30,12:00:00,218.51,1.52,-473.78,1.40,210.72,6.66
2023/12/31,12:00:00,218.64,1.55,-475.69,1.43,214.95,6.80
2024/01/01,12:00:00,216.17,1.71,-475.02,1.56,221.69,7.63
2024/01/02,12:00:00,219.39,1.83,-477.60,1.65,215.40,8.13
2024/01/03,12:00:00,218.55,1.76,-474.67,1.61,223.81,7.92
2024/01/04,12:00:00,222.71,1.73,-476.51,1.56,237.05,7.69
2024/01/05,12:00:00,224.83,1.83,-475.36,1.60,245.48,7.93
2024/01/06,12:00:00,225.19,1.74,-474.95,1.55,254.53,7.66
2024/01/07,12:00:00,225.76,1.55,-475.88,1.37,253.78,6.69
2024/01/08,12:00:00,230.33,1.72,-474.24,1.53,260.79,7.39
2024/01/09,12:00:00,226.58,1.80,-478.81,1.62,265.08,7.82
2024/01/10,12:00:00,230.23,1.77,-478.32,1.58,266.18,7.70
2024/01/11,12:00:00,230.81,1.77,-481.48,1.59,273.83,7.82
2024/01/12,12:00:00,232.30,1.74,-480.66,1.54,277.37,7.51
2024/01/13,12:00:00,233.37,1.77,-477.70,1.56,287.35,7.66
2024/01/14,12:00:00,407.26,6.47,-873.40,5.84,276.33,26.58
2024/01/15,12:00:00,473.62,1.73,-916.50,1.63,259.77,7.61
2024/01/16,12:00:00,479.09,1.72,-922.71,1.53,274.38,7.44
2024/01/17,12:00:00,481.52,1.68,-924.02,1.48,283.91,7.21
2024/01/18,12:00:00,484.72,1.55,-926.85,1.42,293.24,6.53
2024/01/19,12:00:00,486.25,1.52,-929.41,1.35,299.96,6.47
2024/01/20,12:00:00,481.90,1.76,-931.57,1.55,300.24,7.52
2024/01/21,12:00:00,486.02,1.70,-932.54,1.49,315.47,7.24
2024/01/22,12:00:00,487.99,1.77,-930.59,1.57,325.43,7.57
2024/01/23,12:00:00,487.19,1.90,-932.59,1.64,324.53,7.97
2024/01/24,12:00:00,490.43,1.95,-933.65,1.69,329.40,8.30
2024/01/25,12:00:00,488.73,1.86,-932.94,1.64,327.49,7.81
2024/01/26,12:00:00,489.41,1.82,-932.23,1.58,340.29,7.62
2024/01/27,12:00:00,491.98,1.86,-931.19,1.60,349.61,7.94
2024/01/28,12:00:00,492.26,1.83,-933.64,1.58,358.29,7.79
2024/01/29,12:00:00,494.52,1.97,-932.39,1.71,361.38,8.40
2024/01/30,12:00:00,493.23,1.90,-931.53,1.61,360.71,8.12
2024/01/31,12:00:00,496.31,1.92,-928.58,1.64,372.73,8.13
2024/02/01,12:00:00,497.15,1.92,-931.06,1.64,380.77,8.18
2024/02/02,12:00:00,494.94,1.75,-932.92,1.46,374.74,7.30
2024/02/03,12:00:00,498.72,1.96,-932.36,1.64,385.38,8.03
2024/02/04,12:00:00,498.98,1.81,-931.01,1.51,393.02,7.42
2024/02/05,12:00:00,498.59,1.80,-929.97,1.52,390.26,7.36
2024/02/06,12:00:00,497.57,1.81,-926.57,1.51,395.35,7.46
2024/02/07,12:00:00,496.75,1.81,-929.11,1.52,406.31,7.44
2024/02/08,12:00:00,483.52,1.81,-957.04,1.57,331.85,7.38
2024/02/09,12:00:00,484.81,1.79,-956.66,1.54,301.69,7.45
2024/02/10,12:00:00,485.12,1.86,-957.42,1.57,315.81,7.59
2024/02/11,12:00:00,485.44,1.92,-957.10,1.63,319.21,7.85
2024/02/12,12:00:00,485.07,1.87,-955.68,1.57,327.24,7.65
2024/02/13,12:00:00,486.93,1.87,-956.33,1.57,332.13,7.63
2024/02/14,12:00:00,488.84,1.88,-958.59,1.56,343.54,7.61
2024/02/15,12:00:00,488.67,1.99,-958.15,1.67,346.11,7.86
2024/02/16,12:00:00,491.25,1.88,-954.23,1.52,349.02,7.64
2024/02/17,12:00:00,488.18,1.69,-958.24,1.42,351.91,6.77
2024/02/18,12:00:00,490.84,1.67,-959.18,1.42,359.28,6.72
2024/02/19,12:00:00,488.87,1.80,-959.26,1.52,365.41,7.35
2024/02/20,12:00:00,489.22,1.72,-959.56,1.45,369.78,6.92
2024/02/21,12:00:00,488.99,1.78,-960.08,1.50,380.94,7.32
2024/02/22,12:00:00,488.69,1.85,-957.21,1.58,377.90,7.76
2024/02/23,12:00:00,492.27,1.83,-954.11,1.58,396.54,7.59
2024/02/24,12:00:00,494.92,1.82,-956.86,1.59,406.38,7.38
2024/02/25,12:00:00,497.65,1.84,-956.78,1.56,407.95,7.61
2024/02/26,12:00:00,499.60,1.67,-961.83,1.45,418.17,6.89
2024/02/27,12:00:00,497.52,1.67,-956.90,1.45,415.77,6.92
2024/02/28,12:00:00,497.85,1.80,-958.16,1.52,427.72,7.33
2024/02/29,12:00:00,498.17,1.75,-957.64,1.54,430.91,7.10
2024/03/01,12:00:00,499.85,1.82,-957.97,1.56,431.32,7.31
2024/03/02,12:00:00,496.90,1.64,-976.82,1.41,432.68,6.59
2024/03/03,12:00:00,493.31,1.73,-986.92,1.51,425.43,7.05
2024/03/04,12:00:00,495.44,1.77,-986.92,1.48,433.60,7.21
2024/03/05,12:00:00,496.22,1.73,-986.76,1.44,433.86,6.80
2024/03/06,12:00:00,494.22,1.79,-986.97,1.52,437.78,7.10
2024/03/07,12:00:00,498.33,1.77,-989.19,1.52,441.69,7.02
2024/03/08,12:00:00,501.71,1.78,-986.16,1.48,456.78,6.99
2024/03/09,12:00:00,498.42,1.65,-987.04,1.39,455.88,6.56
2024/03/14,12:00:00,500.59,2.10,-988.63,1.60,486.52,7.19
2024/03/15,12:00:00,505.55,2.10,-988.98,1.59,488.31,6.61
2024/03/16,12:00:00,497.70,1.72,-995.22,1.43,489.62,6.88
2024/03/17,12:00:00,483.54,1.79,-1015.71,1.50,363.82,7.19
2024/03/18,12:00:00,487.33,1.83,-1016.79,1.54,363.38,7.35
2024/03/19,12:00:00,488.31,1.74,-1016.65,1.43,369.55,6.89
2024/03/20,12:00:00,489.62,1.87,-1019.98,1.54,372.00,7.41
2024/03/21,12:00:00,485.50,1.76,-1013.64,1.43,376.04,6.83
2024/03/22,12:00:00,488.78,1.92,-1010.37,1.62,373.69,7.50
2024/03/23,12:00:00,488.56,1.99,-1009.66,1.69,372.26,7.34
2024/03/24,12:00:00,489.87,1.80,-1010.84,1.47,384.70,7.07
2024/03/25,12:00:00,490.17,1.77,-1011.64,1.43,390.66,7.15
2024/03/26,12:00:00,489.36,1.78,-1009.92,1.47,386.62,7.11
2024/03/27,12:00:00,489.72,1.76,-1010.65,1.46,387.92,7.08
2024/03/28,12:00:00,489.28,1.76,-1014.29,1.61,395.65,7.34
2024/03/29,12:00:00,493.26,1.92,-1012.25,1.69,382.07,7.75
2024/03/30,12:00:00,489.60,1.81,-1011.32,1.62,385.19,7.42
2024/03/31,12:00:00,491.24,1.74,-1009.05,1.43,386.94,7.00
2024/04/01,12:00:00,491.70,1.73,-1009.94,1.46,387.25,7.04
2024/04/02,12:00:00,493.92,1.67,-1011.93,1.41,393.04,6.69
2024/04/03,12:00:00,492.40,1.71,-1008.90,1.40,393.12,6.84
2024/04/04,12:00:00,489.54,1.77,-1008.15,1.45,397.75,7.18
2024/04/05,12:00:00,489.74,1.62,-1009.00,1.35,405.03,6.55
2024/04/06,12:00:00,489.60,1.74,-1010.43,1.47,404.90,7.10
2024/04/07,12:00:00,492.15,1.77,-1009.53,1.50,414.55,7.02
2024/04/08,12:00:00,495.05,1.75,-1010.93,1.47,415.74,6.96
2024/04/09,12:00:00,495.07,1.75,-1014.22,1.47,417.67,7.01
2024/04/10,12:00:00,497.84,1.81,-1011.82,1.51,429.49,7.26
2024/04/11,12:00:00,496.63,1.81,-1010.65,1.49,432.80,7.23
2024/04/12,12:00:00,496.53,1.78,-1011.50,1.50,435.70,7.10
2024/04/13,12:00:00,498.77,1.78,-1008.92,1.47,439.20,7.10
2024/04/14,12:00:00,500.28,1.83,-1010.51,1.51,449.11,7.26
2024/04/15,12:00:00,502.33,1.83,-1007.75,1.50,452.11,7.36
2024/04/16,12:00:00,502.61,1.94,-1009.46,1.67,457.52,7.58
2024/04/17,12:00:00,503.06,1.85,-1010.16,1.51,457.70,7.30
2024/04/18,12:00:00,503.66,1.82,-1008.85,1.53,463.75,7.27
2024/04/19,12:00:00,504.48,1.96,-1010.13,1.59,466.28,7.33
2024/04/20,12:00:00,504.72,1.87,-1012.96,1.56,473.84,7.43
2024/04/21,12:00:00,503.04,1.84,-1011.56,1.49,474.95,7.32
2024/04/22,12:00:00,504.49,1.86,-1008.81,1.53,483.59,7.45
2024/04/23,12:00:00,503.46,2.00,-1014.36,1.66,489.45,7.87
2024/04/24,12:00:00,502.04,1.85,-1014.41,1.52,489.78,7.37
2024/04/25,12:00:00,502.87,1.83,-1009.88,1.54,498.26,7.19
2024/04/26,12:00:00,504.13,1.83,-1010.51,1.48,504.08,7.42
2024/04/27,12:00:00,505.10,1.85,-1012.07,1.51,500.98,7.43
2024/04/28,12:00:00,506.47,1.80,-1014.04,1.46,508.03,7.15
2024/04/29,12:00:00,506.56,1.79,-1012.60,1.46,508.61,7.10
2024/04/30,12:00:00,507.12,1.81,-1013.97,1.53,511.22,7.18
2024/05/01,12:00:00,511.12,1.77,-1015.45,1.44,520.41,7.09
2024/05/02,12:00:00,510.07,1.97,-1018.18,1.55,523.89,7.62
2024/05/03,12:00:00,512.58,1.89,-1018.53,1.52,531.76,7.53
2024/05/04,12:00:00,511.19,1.81,-1018.14,1.52,535.14,7.30
2024/05/05,12:00:00,510.68,1.85,-1018.91,1.55,542.12,7.38
2024/05/06,12:00:00,511.41,1.75,-1017.24,1.44,548.75,6.98
2024/05/07,12:00:00,514.40,1.73,-1017.17,1.43,551.80,6.93
2024/05/08,12:00:00,515.15,1.80,-1015.43,1.50,557.16,7.28
2024/05/09,12:00:00,512.84,1.80,-1015.66,1.51,565.32,7.29
2024/05/10,12:00:00,513.94,1.80,-1016.87,1.56,565.11,7.03
2024/05/11,12:00:00,515.49,2.30,-1017.32,1.89,567.70,9.22
2024/05/12,12:00:00,514.55,1.76,-1018.15,1.42,568.36,7.03
2024/05/13,12:00:00,514.25,1.80,-1018.47,1.46,576.44,7.28
2024/05/14,12:00:00,516.86,1.74,-1020.50,1.47,589.95,7.06
2024/05/15,12:00:00,516.33,1.90,-1023.19,1.62,591.75,7.73
2024/05/16,12:00:00,518.07,1.70,-1020.14,1.39,590.06,6.83
2024/05/17,12:00:00,521.67,1.85,-1019.68,1.57,592.11,7.21
2024/05/18,12:00:00,521.68,1.81,-1018.69,1.49,601.20,7.35
2024/05/19,12:00:00,520.23,1.86,-1021.70,1.58,608.61,7.42
2024/05/20,12:00:00,520.89,1.84,-1023.14,1.55,605.09,7.41
2024/05/21,12:00:00,520.30,1.85,-1022.04,1.61,611.69,7.33
2024/05/22,12:00:00,523.71,3.23,-998.00,2.96,615.92,9.10
2024/05/23,12:00:00,524.03,1.84,-1020.85,1.61,629.02,7.41
2024/05/24,12:00:00,529.33,1.82,-1019.83,1.53,623.80,7.32
2024/05/25,12:00:00,524.93,1.97,-1018.53,1.68,626.48,7.94
2024/05/26,12:00:00,527.72,2.00,-1021.54,1.68,630.27,8.03
2024/05/27,12:00:00,524.46,1.91,-1018.05,1.62,637.66,7.48
2024/05/28,12:00:00,523.12,1.88,-1021.19,1.61,642.06,7.45
2024/05/29,12:00:00,517.72,2.99,-1074.89,3.45,574.30,11.90
2024/05/30,12:00:00,530.16,1.82,-1146.30,1.56,451.47,6.91
2024/05/31,12:00:00,529.79,1.85,-1144.23,1.60,449.44,7.23
2024/06/01,12:00:00,527.98,1.90,-1145.35,1.66,433.90,7.52
2024/06/02,12:00:00,528.25,1.93,-1139.23,1.69,426.49,7.58
2024/06/03,12:00:00,523.84,1.90,-1139.15,1.63,424.61,7.57
2024/06/04,12:00:00,521.81,1.91,-1135.96,1.64,423.55,7.63
2024/06/05,12:00:00,524.21,1.79,-1136.23,1.50,414.53,6.95
2024/06/06,12:00:00,522.92,1.82,-1136.51,1.53,417.51,7.33
2024/06/07,12:00:00,523.75,1.87,-1134.71,1.58,417.03,7.49
2024/06/08,12:00:00,525.68,1.75,-1134.34,1.46,427.70,6.96
2024/06/09,12:00:00,524.11,1.79,-1136.30,1.54,431.30,7.20
2024/06/10,12:00:00,524.24,1.81,-1135.32,1.50,430.31,7.19
2024/06/11,12:00:00,525.36,1.84,-1134.80,1.52,431.97,7.32
2024/06/12,12:00:00,525.83,1.83,-1133.05,1.54,441.47,7.34
2024/06/13,12:00:00,523.84,1.94,-1135.66,1.65,438.01,7.80
2024/06/14,12:00:00,521.62,1.85,-1133.48,1.57,444.84,7.50
2024/06/15,12:00:00,524.28,1.85,-1136.08,1.57,443.91,7.48
2024/06/16,12:00:00,525.95,1.84,-1135.57,1.52,454.81,7.37
2024/06/17,12:00:00,527.31,1.86,-1135.33,1.58,445.53,7.53
2024/06/18,12:00:00,528.85,7.13,-1251.22,7.10,441.56,19.74
2024/06/19,12:00:00,528.52,1.80,-1136.81,1.55,455.88,7.23
2024/06/20,12:00:00,529.49,1.85,-1135.54,1.56,463.41,7.49
2024/06/21,12:00:00,526.96,1.82,-1136.49,1.56,468.79,7.34
2024/06/22,12:00:00,528.51,1.77,-1136.95,1.51,469.74,7.18
2024/06/23,12:00:00,530.06,1.81,-1137.64,1.56,471.58,7.31
2024/06/24,12:00:00,532.87,1.83,-1135.79,1.58,479.40,7.42
2024/06/25,12:00:00,534.40,1.87,-1135.88,1.62,483.77,7.35
2024/06/26,12:00:00,531.36,1.82,-1136.28,1.55,492.15,7.30
2024/06/27,12:00:00,530.27,1.86,-1135.95,1.65,500.79,7.49
2024/06/28,12:00:00,533.90,2.09,-1133.22,1.68,500.22,8.10
2024/06/29,12:00:00,536.04,1.84,-1134.61,1.57,515.08,7.47
2024/06/30,12:00:00,534.11,1.81,-1139.35,1.51,520.93,7.33
2024/07/01,12:00:00,537.07,1.79,-1137.25,1.52,521.59,7.22
2024/07/02,12:00:00,537.45,1.84,-1134.97,1.58,527.68,7.36
2024/07/03,12:00:00,534.65,1.82,-1134.84,1.59,530.33,7.26
2024/07/04,12:00:00,538.24,1.85,-1136.47,1.65,532.46,7.42
2024/07/05,12:00:00,535.02,1.85,-1135.47,1.60,541.24,7.38
2024/07/06,12:00:00,536.35,1.90,-1136.72,1.64,542.38,7.56
2024/07/07,12:00:00,539.23,1.85,-1136.40,1.59,557.17,7.36
2024/07/08,12:00:00,538.67,1.77,-1134.26,1.50,557.81,7.08
2024/07/09,12:00:00,536.47,1.81,-1134.27,1.57,561.46,7.20
2024/07/12,12:00:00,551.22,2.00,-1138.43,1.72,606.46,7.97
2024/07/13,12:00:00,552.95,1.85,-1138.48,1.63,602.37,7.23
2024/07/14,12:00:00,552.06,2.04,-1140.38,1.77,607.43,8.09
2024/07/15,12:00:00,546.23,1.97,-1142.82,1.70,599.83,7.83
2024/07/16,12:00:00,544.02,2.04,-1140.80,1.77,601.40,8.09
2024/07/18,12:00:00,548.99,2.49,-1139.30,1.89,609.58,10.73
2024/07/19,12:00:00,551.03,2.34,-1139.24,1.87,623.05,9.47
2024/07/20,12:00:00,550.25,2.04,-1140.98,1.76,625.59,7.95
2024/07/21,12:00:00,553.33,2.04,-1139.36,1.77,629.33,7.99
2024/07/22,12:00:00,553.86,1.97,-1142.86,1.69,629.77,7.88
2024/07/23,12:00:00,556.81,1.97,-1142.86,1.69,644.58,7.93
2024/07/26,12:00:00,552.17,2.24,-1141.39,1.79,647.72,9.45
2024/07/27,12:00:00,558.09,2.01,-1142.53,1.73,656.68,8.06
2024/07/29,12:00:00,552.04,2.27,-1143.68,1.77,659.89,9.76
2024/07/30,12:00:00,555.53,1.99,-1142.64,1.67,665.24,8.07
2024/07/31,12:00:00,557.18,2.87,-1142.71,2.36,666.15,11.63
2024/08/01,12:00:00,552.76,2.15,-1144.55,1.77,665.53,8.60
2024/08/02,12:00:00,559.03,2.06,-1141.37,1.74,678.46,8.15
2024/08/03,12:00:00,556.54,2.05,-1140.44,1.67,683.54,8.06
2024/08/04,12:00:00,557.03,2.04,-1142.92,1.72,685.95,8.09
2024/08/05,12:00:00,556.89,1.99,-1141.71,1.65,692.93,7.87
2024/08/06,12:00:00,559.64,2.01,-1143.13,1.67,699.52,7.99
2024/08/07,12:00:00,558.99,2.01,-1140.95,1.67,704.61,7.96
2024/08/08,12:00:00,560.40,2.05,-1143.58,1.72,712.22,8.22
2024/08/09,12:00:00,558.79,2.05,-1141.65,1.72,710.30,8.09
2024/08/10,12:00:00,559.76,2.06,-1142.36,1.73,718.98,8.12
2024/08/11,12:00:00,559.82,2.05,-1145.18,1.69,714.58,8.11
2024/08/12,12:00:00,557.27,2.47,-1149.89,2.03,718.46,10.20
2024/08/13,12:00:00,562.33,2.10,-1144.67,1.75,730.77,8.31
2024/08/14,12:00:00,561.82,2.07,-1143.40,1.71,729.98,8.20
2024/08/15,12:00:00,564.01,2.00,-1143.96,1.69,741.87,7.86
2024/08/16,12:00:00,565.64,1.99,-1140.35,1.66,744.31,7.72
2024/08/17,12:00:00,564.84,2.04,-1143.66,1.68,742.07,8.17
2024/08/18,12:00:00,565.65,2.02,-1142.98,1.69,745.48,8.11
2024/08/19,12:00:00,565.81,2.02,-1143.56,1.69,747.30,8.06
2024/08/20,12:00:00,566.99,2.04,-1143.19,1.67,755.10,8.06
2024/08/21,12:00:00,565.70,2.00,-1144.12,1.65,762.56,7.93
2024/08/22,12:00:00,561.80,2.14,-1147.48,1.70,760.69,8.29
2024/08/23,12:00:00,529.55,2.05,-1169.52,1.70,450.87,8.11
2024/08/24,12:00:00,526.50,2.03,-1171.07,1.65,431.23,7.96
2024/08/25,12:00:00,528.55,2.03,-1169.07,1.68,423.32,8.05
2024/08/26,12:00:00,529.01,2.00,-1169.19,1.67,414.84,7.86
2024/08/27,12:00:00,527.46,2.02,-1171.52,1.71,411.87,7.90
2024/08/28,12:00:00,524.51,2.20,-1169.16,1.80,401.75,8.92
2024/08/29,12:00:00,528.01,2.07,-1165.16,1.73,405.85,8.09
2024/08/30,12:00:00,531.25,2.09,-1168.57,1.81,410.62,8.18
2024/08/31,12:00:00,529.86,2.22,-1175.71,1.81,418.98,8.91
2024/09/01,12:00:00,529.84,1.97,-1170.97,1.60,415.87,7.78
2024/09/02,12:00:00,526.73,2.10,-1171.87,1.73,414.51,8.27
2024/09/03,12:00:00,529.72,2.05,-1166.38,1.68,417.13,8.02
2024/09/04,12:00:00,535.63,2.05,-1165.50,1.70,423.67,7.96
2024/09/06,12:00:00,533.34,2.07,-1166.70,1.73,432.89,8.13
2024/09/07,12:00:00,535.20,2.10,-1173.03,1.77,436.91,8.28
2024/09/08,12:00:00,533.87,2.10,-1167.60,1.75,441.51,8.33
2024/09/09,12:00:00,533.50,1.97,-1164.32,1.66,442.60,7.73
2024/09/10,12:00:00,532.67,2.18,-1162.74,1.85,443.26,8.62
2024/09/11,12:00:00,535.95,2.05,-1163.98,1.75,457.52,8.18
2024/09/12,12:00:00,536.25,2.22,-1164.03,1.86,460.85,8.74
2024/09/13,12:00:00,561.07,5.71,-1206.93,5.30,544.90,17.11
2024/09/14,12:00:00,535.24,2.08,-1170.53,1.68,465.80,8.41
2024/09/15,12:00:00,537.07,2.03,-1168.52,1.65,472.50,7.99
2024/09/16,12:00:00,538.86,2.02,-1167.26,1.62,479.82,8.06
2024/09/17,12:00:00,540.30,2.12,-1170.10,1.72,490.49,8.74
2024/09/18,12:00:00,539.66,1.91,-1169.43,1.55,496.94,7.65
2024/09/19,12:00:00,540.66,1.91,-1166.53,1.56,496.10,7.69
2024/09/20,12:00:00,540.18,2.01,-1165.34,1.65,500.95,8.16
2024/09/21,12:00:00,539.86,2.02,-1165.91,1.64,506.29,8.14
2024/09/22,12:00:00,540.54,2.02,-1163.86,1.65,511.02,8.09
2024/09/23,12:00:00,541.32,2.05,-1165.17,1.62,515.04,8.30
2024/09/24,12:00:00,543.54,2.05,-1160.67,1.68,520.82,8.19
2024/09/25,12:00:00,538.80,2.27,-1163.67,1.82,521.87,8.99
2024/09/26,12:00:00,539.39,1.91,-1165.89,1.56,524.40,7.59
2024/09/27,12:00:00,542.86,2.04,-1164.70,1.68,532.74,8.18
2024/09/28,12:00:00,546.55,2.03,-1164.32,1.73,539.79,8.09
2024/09/29,12:00:00,544.04,1.89,-1164.95,1.59,540.91,7.57
2024/09/30,12:00:00,544.76,1.94,-1164.02,1.69,545.10,7.85
2024/10/01,12:00:00,546.03,2.07,-1166.63,1.74,551.08,8.33
2024/10/02,12:00:00,547.61,2.11,-1167.11,1.81,553.77,8.45
2024/10/03,12:00:00,546.50,1.87,-1165.82,1.59,556.25,7.46
2024/10/04,12:00:00,546.98,1.95,-1166.34,1.69,561.41,7.92
2024/10/05,12:00:00,545.91,1.96,-1164.87,1.71,561.30,7.94
2024/10/06,12:00:00,547.63,2.20,-1164.90,1.87,560.54,9.23
2024/10/07,12:00:00,544.82,2.56,-1163.77,2.23,568.26,10.40
2024/10/08,12:00:00,549.97,2.41,-1166.86,1.82,572.94,9.31
2024/10/09,12:00:00,548.31,1.91,-1165.88,1.58,579.45,7.78
2024/10/10,12:00:00,553.60,2.64,-1161.65,2.01,586.09,10.10
2024/10/11,12:00:00,548.90,2.35,-1167.34,1.75,580.87,9.41
2024/10/12,12:00:00,549.28,1.90,-1164.82,1.66,593.08,7.73
2024/10/13,12:00:00,549.23,1.88,-1165.38,1.60,598.97,7.67
2024/10/14,12:00:00,551.40,1.98,-1166.72,1.68,601.91,8.06
2024/10/15,12:00:00,548.97,1.94,-1166.15,1.63,599.76,7.91
2024/10/16,12:00:00,550.25,2.04,-1165.17,1.69,609.66,8.36
2024/10/17,12:00:00,549.54,1.93,-1166.24,1.57,614.61,7.81
2024/10/22,12:00:00,553.65,2.62,-1166.83,1.93,638.85,10.95
2024/10/23,12:00:00,553.36,1.97,-1168.60,1.71,638.04,7.98
2024/10/24,12:00:00,553.67,1.94,-1165.30,1.64,644.32,7.95
2024/10/25,12:00:00,556.05,2.01,-1169.75,1.70,651.45,8.21
2024/10/26,12:00:00,554.01,2.20,-1166.05,1.94,650.64,9.31
2024/10/27,12:00:00,556.36,2.14,-1166.44,1.78,661.12,9.16
2024/10/28,12:00:00,559.11,1.92,-1169.57,1.63,663.26,7.99
2024/10/29,12:00:00,558.26,2.18,-1168.52,1.86,664.94,8.84
2024/10/30,12:00:00,561.07,2.14,-1171.95,1.84,664.44,8.91
2024/10/31,12:00:00,563.27,2.04,-1168.40,1.75,673.48,8.53
2024/11/01,12:00:00,558.63,2.15,-1169.02,1.85,671.58,9.16
2024/11/02,12:00:00,561.20,2.15,-1166.10,1.80,674.18,8.86
2024/11/03,12:00:00,561.53,2.22,-1169.67,1.94,685.10,9.14
2024/11/04,12:00:00,556.04,2.13,-1171.17,1.80,689.58,8.84
2024/11/05,12:00:00,562.92,2.22,-1171.01,1.99,685.43,9.32
2024/11/06,12:00:00,559.50,2.16,-1172.68,1.85,695.40,9.08
2024/11/07,12:00:00,557.38,2.14,-1173.49,1.89,697.00,8.94
2024/11/08,12:00:00,560.73,2.31,-1168.09,1.93,694.40,9.39
2024/11/17,12:00:00,561.46,2.48,-1166.83,1.90,721.30,10.97
2024/11/18,12:00:00,560.87,1.91,-1167.75,1.70,718.39,7.97
2024/11/19,12:00:00,562.48,2.24,-1167.69,1.86,719.88,9.20
2024/11/25,12:00:00,532.23,5.20,-1175.99,3.48,469.02,21.53
2024/11/26,12:00:00,536.39,1.95,-1178.10,1.75,479.06,8.41
2024/11/27,12:00:00,538.66,2.02,-1177.52,1.78,481.16,8.73
2024/11/28,12:00:00,537.00,1.93,-1175.16,1.73,479.92,8.06
2024/11/29,12:00:00,538.46,1.98,-1178.40,1.83,483.31,8.40
2024/11/30,12:00:00,538.29,1.99,-1176.36,1.74,483.46,8.40
2024/12/01,12:00:00,537.58,1.86,-1174.93,1.66,483.83,7.90
2024/12/02,12:00:00,539.83,1.78,-1177.98,1.55,485.23,7.31
2024/12/03,12:00:00,537.71,1.85,-1175.25,1.63,488.66,7.66
2024/12/04,12:00:00,539.62,2.02,-1172.51,1.86,496.11,8.74
2024/12/05,12:00:00,539.24,1.83,-1174.05,1.59,498.44,7.61
2024/12/06,12:00:00,541.28,1.94,-1174.95,1.70,504.97,8.00
2024/12/07,12:00:00,541.88,1.89,-1172.93,1.66,512.16,7.85
2024/12/08,12:00:00,545.44,1.94,-1178.95,1.72,519.91,8.10
2024/12/09,12:00:00,543.19,1.95,-1178.24,1.72,517.89,8.24
2024/12/10,12:00:00,543.61,1.95,-1176.43,1.71,523.13,8.21
2024/12/11,12:00:00,543.22,1.92,-1178.01,1.56,527.67,8.05
2024/12/12,12:00:00,543.99,1.83,-1175.34,1.59,528.99,7.62
2024/12/13,12:00:00,545.19,1.90,-1171.50,1.66,541.29,8.02
2024/12/14,12:00:00,547.04,1.93,-1175.55,1.69,542.94,8.28
2024/12/15,12:00:00,545.37,1.94,-1176.97,1.69,536.05,8.14
2024/12/16,12:00:00,546.76,1.76,-1177.09,1.54,542.15,7.41
2024/12/17,12:00:00,547.82,1.88,-1177.82,1.65,549.21,8.00
2024/12/18,12:00:00,545.73,1.73,-1172.43,1.52,549.31,7.03
2024/12/19,12:00:00,545.99,1.94,-1174.73,1.70,559.80,8.06
2024/12/20,12:00:00,547.81,2.03,-1176.37,1.79,557.37,8.70
2024/12/21,12:00:00,545.21,2.22,-1174.09,1.80,565.44,9.22
2024/12/22,12:00:00,550.52,2.15,-1173.93,1.88,571.14,9.46
2024/12/23,12:00:00,549.69,2.19,-1176.95,1.88,574.69,9.03
2024/12/24,12:00:00,549.24,2.05,-1179.32,1.70,576.22,8.68
2024/12/25,12:00:00,550.48,2.16,-1177.06,1.90,580.95,9.47
2024/12/26,12:00:00,551.15,1.99,-1178.28,1.76,587.53,8.27
2024/12/27,12:00:00,550.40,2.05,-1176.87,1.76,583.93,8.44
2024/12/28,12:00:00,551.00,1.99,-1173.48,1.73,582.93,8.22
2024/12/29,12:00:00,551.04,2.11,-1173.22,1.85,585.63,8.52
2024/12/30,12:00:00,551.44,1.87,-1173.63,1.64,592.46,7.63
2025/01/01,12:00:00,548.50,2.70,-1170.99,2.52,597.32,10.01
2025/01/02,12:00:00,550.52,1.96,-1172.81,1.65,605.60,8.14
2025/01/03,12:00:00,550.66,2.13,-1173.58,1.85,610.76,8.72
2025/01/04,12:00:00,549.36,2.67,-1174.26,2.06,612.03,9.80
2025/01/05,12:00:00,550.11,1.82,-1169.91,1.58,620.87,7.68
2025/01/06,12:00:00,547.94,1.92,-1170.79,1.67,621.75,7.96
2025/01/07,12:00:00,552.07,1.85,-1172.35,1.59,630.20,7.64
2025/01/08,12:00:00,548.78,1.85,-1173.08,1.69,625.76,7.57
2025/01/09,12:00:00,550.48,1.87,-1174.55,1.62,631.92,7.61
2025/01/10,12:00:00,553.80,2.10,-1173.14,1.84,637.63,8.80
2025/01/11,12:00:00,557.26,1.92,-1173.10,1.64,638.70,8.00
2025/01/12,12:00:00,556.96,1.88,-1175.74,1.58,637.97,7.53
2025/01/13,12:00:00,555.54,1.92,-1173.88,1.59,640.52,7.67
2025/01/14,12:00:00,558.08,2.11,-1176.61,1.83,646.07,8.55
2025/01/15,12:00:00,555.78,1.86,-1176.16,1.55,650.74,7.60
2025/01/16,12:00:00,557.10,1.90,-1174.31,1.55,653.48,7.84
2025/01/17,12:00:00,556.98,2.14,-1174.57,1.77,655.37,8.98
2025/01/18,12:00:00,555.06,1.99,-1172.51,1.67,655.02,8.12
2025/01/19,12:00:00,554.76,2.03,-1172.63,1.66,654.77,8.21
2025/01/20,12:00:00,555.83,2.16,-1170.80,1.71,666.05,8.80
2025/01/21,12:00:00,555.56,2.10,-1171.56,1.79,670.63,8.60
2025/01/22,12:00:00,556.78,1.99,-1174.84,1.64,676.28,8.04
2025/01/23,12:00:00,555.25,2.06,-1175.70,1.71,666.89,8.51
2025/01/24,12:00:00,553.26,1.96,-1181.27,1.64,678.26,8.09
2025/01/25,12:00:00,557.66,1.40,-1172.23,1.17,677.95,5.43
2025/01/26,12:00:00,555.57,1.32,-1176.95,1.11,681.83,5.13
2025/01/27,12:00:00,559.22,1.41,-1174.98,1.25,684.71,5.62
2025/01/28,12:00:00,557.39,1.62,-1172.75,1.48,682.10,6.68
2025/01/29,12:00:00,556.57,1.43,-1170.85,1.22,681.44,5.60
2025/01/30,12:00:00,560.90,1.82,-1174.74,1.58,690.54,7.35
2025/01/31,12:00:00,564.52,1.96,-1171.92,1.67,703.28,7.90
2025/02/01,12:00:00,555.68,2.25,-1177.88,1.83,696.79,9.14
2025/02/02,12:00:00,557.51,2.02,-1173.98,1.65,699.82,8.31
2025/02/03,12:00:00,556.51,2.02,-1174.64,1.72,706.07,8.16
2025/02/04,12:00:00,560.77,2.11,-1174.48,1.79,710.67,8.58
2025/02/05,12:00:00,557.72,3.96,-1184.97,3.53,700.27,10.66
2025/02/06,12:00:00,563.31,2.09,-1177.60,1.78,711.47,8.49
2025/02/07,12:00:00,563.79,2.10,-1173.63,1.82,716.38,8.70
2025/02/10,12:00:00,564.15,3.36,-1172.97,2.51,714.21,14.50
2025/02/11,12:00:00,560.69,1.91,-1171.84,1.57,715.24,7.68
2025/02/12,12:00:00,551.61,2.85,-1174.73,2.54,706.70,9.67
2025/02/13,12:00:00,561.69,2.19,-1171.61,1.83,716.43,9.03
2025/02/14,12:00:00,561.86,2.23,-1172.59,1.74,720.19,8.86
2025/02/15,12:00:00,560.84,2.19,-1174.34,1.74,723.88,8.74
2025/02/16,12:00:00,561.42,2.17,-1172.73,1.79,731.75,8.85
2025/02/17,12:00:00,563.62,2.04,-1172.94,1.72,731.31,8.50
2025/02/18,12:00:00,561.66,2.05,-1173.27,1.70,734.30,8.11
2025/02/19,12:00:00,561.69,2.23,-1180.16,1.94,730.38,9.42
2025/02/20,12:00:00,558.96,1.99,-1176.30,1.61,738.68,8.02
2025/02/21,12:00:00,559.32,4.41,-1159.99,3.86,766.54,11.87
2025/02/22,12:00:00,562.72,1.99,-1175.94,1.65,745.24,8.24
2025/02/23,12:00:00,561.70,1.90,-1176.35,1.67,748.57,7.49
2025/02/24,12:00:00,564.28,2.04,-1174.35,1.89,749.73,8.18
2025/02/25,12:00:00,563.94,2.21,-1173.68,1.88,753.44,9.04
2025/02/26,12:00:00,568.46,2.10,-1175.69,1.75,752.44,8.14
2025/02/27,12:00:00,571.97,2.17,-1173.66,1.80,752.82,8.76
2025/02/28,12:00:00,566.48,2.32,-1178.95,1.88,753.10,10.07
2025/03/01,12:00:00,572.26,2.21,-1174.72,1.80,766.09,8.79
2025/03/02,12:00:00,571.06,2.23,-1175.33,1.89,764.02,8.88
2025/03/03,12:00:00,572.77,2.22,-1175.55,1.90,772.61,8.77
2025/03/04,12:00:00,568.59,2.18,-1179.55,1.94,764.81,8.49
2025/03/05,12:00:00,570.90,2.28,-1178.99,1.93,773.48,9.26
2025/03/06,12:00:00,568.90,2.14,-1175.49,1.82,771.98,8.60
2025/03/07,12:00:00,570.38,2.13,-1171.12,1.82,768.61,8.55
2025/03/08,12:00:00,570.47,2.18,-1171.42,1.87,775.26,8.80
2025/03/09,12:00:00,568.26,2.20,-1171.68,1.77,788.08,8.98
2025/03/10,12:00:00,570.72,2.23,-1171.55,1.90,785.33,8.82
2025/03/11,12:00:00,569.73,2.33,-1170.29,2.03,796.24,8.89
2025/03/12,12:00:00,569.15,2.52,-1174.00,1.93,787.16,9.42
2025/03/13,12:00:00,571.64,2.24,-1170.83,1.87,789.25,8.47
2025/03/14,12:00:00,573.97,1.93,-1173.96,1.56,787.96,7.79
2025/03/15,12:00:00,570.60,2.06,-1173.88,1.68,789.63,8.46
2025/03/16,12:00:00,571.77,2.01,-1173.65,1.65,787.96,7.90
2025/03/17,12:00:00,571.42,2.05,-1174.28,1.69,787.96,8.32
2025/03/18,12:00:00,572.69,1.94,-1174.73,1.60,793.01,7.78
2025/03/19,12:00:00,572.68,2.32,-1175.36,1.86,789.45,8.77
2025/03/20,12:00:00,573.08,1.98,-1176.94,1.67,790.24,7.94
2025/03/21,12:00:00,571.14,2.19,-1176.13,1.83,791.96,8.69
2025/03/22,12:00:00,576.15,2.14,-1173.09,1.70,795.86,9.11
2025/03/23,12:00:00,577.32,1.85,-1174.83,1.59,809.91,7.32
2025/03/24,12:00:00,570.83,2.07,-1175.45,1.72,802.77,8.33
2025/03/25,12:00:00,574.80,2.14,-1175.50,1.81,805.15,8.49
2025/03/26,12:00:00,573.63,2.37,-1178.66,1.77,804.49,8.89
2025/03/27,12:00:00,571.12,1.91,-1176.56,1.60,806.60,7.66
2025/03/28,12:00:00,575.13,1.84,-1173.75,1.52,809.75,7.27
2025/03/29,12:00:00,574.28,1.98,-1176.71,1.65,815.90,8.00
2025/03/30,12:00:00,575.03,2.05,-1180.32,1.71,810.06,8.20
2025/03/31,12:00:00,576.63,2.00,-1180.19,1.65,813.48,7.95
2025/04/01,12:00:00,630.71,6.66,-1356.13,6.93,678.83,25.96
2025/04/02,12:00:00,684.71,2.08,-1420.97,1.68,492.05,8.35
2025/04/03,12:00:00,685.98,1.98,-1416.67,1.68,515.61,7.81
2025/04/04,12:00:00,687.78,2.22,-1419.15,1.72,531.67,8.70
2025/04/05,12:00:00,688.58,2.52,-1417.57,1.89,529.27,9.54
2025/04/06,12:00:00,683.74,1.98,-1416.46,1.61,550.54,7.90
2025/04/07,12:00:00,689.00,2.17,-1413.39,1.79,556.07,8.69
2025/04/08,12:00:00,687.24,2.10,-1414.13,1.67,563.69,8.27
2025/04/09,12:00:00,692.27,2.13,-1415.77,1.66,572.59,8.20
2025/04/10,12:00:00,689.46,2.43,-1417.78,1.95,575.61,9.52
2025/04/11,12:00:00,690.08,2.05,-1417.50,1.69,578.81,8.13
2025/04/12,12:00:00,688.75,2.11,-1414.05,1.69,588.72,8.42
2025/04/13,12:00:00,689.34,1.91,-1413.98,1.58,594.49,7.49
2025/04/14,12:00:00,687.43,1.99,-1412.73,1.56,597.47,7.83
2025/04/15,12:00:00,689.69,2.05,-1414.10,1.71,604.37,8.22
2025/04/16,12:00:00,690.17,2.12,-1412.53,1.67,603.47,8.28
2025/04/18,12:00:00,690.42,2.11,-1412.77,1.70,612.14,8.70
2025/04/19,12:00:00,690.19,2.25,-1415.11,1.93,612.09,8.96
2025/04/20,12:00:00,689.39,1.97,-1415.99,1.64,615.86,8.03
