date,time,dN[mm],DN[mm],dE[mm],DE[mm],dU[mm],DU[mm]
2023/12/19,12:00:00,-3.17,2.55,2.73,1.91,-11.39,11.54
2023/12/20,12:00:00,-3.16,1.26,-0.25,1.12,-11.12,5.08
2023/12/21,12:00:00,0.66,1.19,-0.28,1.05,-0.73,4.81
2023/12/22,12:00:00,2.57,1.14,0.53,1.03,3.12,4.56
2023/12/23,12:00:00,0.56,1.10,-1.22,1.01,11.75,4.45
2023/12/24,12:00:00,-1.59,1.25,4.15,1.11,16.05,5.03
2023/12/25,12:00:00,1.22,1.09,3.73,0.99,23.18,4.42
2023/12/26,12:00:00,4.62,1.25,-1.41,1.14,48.49,5.17
2023/12/27,12:00:00,7.42,1.03,0.93,0.94,46.83,4.12
2023/12/28,12:00:00,7.21,1.02,3.64,0.93,52.98,4.10
2023/12/29,12:00:00,10.48,0.99,4.93,0.93,63.29,3.99
2023/12/30,12:00:00,11.95,1.04,6.58,0.97,66.08,4.26
2023/12/31,12:00:00,10.19,1.08,6.39,1.01,61.93,4.50
2024/01/01,12:00:00,8.30,1.16,7.78,1.07,68.89,4.96
2024/01/02,12:00:00,11.48,1.26,6.71,1.14,64.27,5.37
2024/01/03,12:00:00,11.39,1.21,9.42,1.12,74.34,5.19
2024/01/04,12:00:00,14.66,1.16,8.71,1.08,85.42,4.93
2024/01/12,12:00:00,24.65,1.36,12.40,1.05,129.63,5.66
2024/01/13,12:00:00,25.19,1.14,15.39,1.02,136.57,4.64
2024/01/14,12:00:00,274.67,5.91,-437.11,5.13,154.21,23.44
2024/01/15,12:00:00,332.92,1.23,-477.67,1.20,160.55,5.07
2024/01/16,12:00:00,340.57,1.42,-482.34,1.30,176.37,6.12
2024/01/17,12:00:00,343.25,1.29,-482.69,1.17,186.36,5.48
2024/01/18,12:00:00,346.98,1.22,-484.44,1.15,192.92,4.92
2024/01/19,12:00:00,348.48,1.13,-486.31,1.01,199.13,4.57
2024/01/20,12:00:00,344.58,1.22,-487.01,1.10,201.08,5.00
2024/01/21,12:00:00,348.58,1.15,-486.71,1.02,217.37,4.65
2024/01/22,12:00:00,350.93,1.19,-485.38,1.10,225.99,4.76
2024/01/23,12:00:00,352.50,1.26,-486.57,1.07,225.11,4.93
2024/01/24,12:00:00,355.68,1.29,-487.71,1.14,234.99,5.24
2024/01/25,12:00:00,354.29,1.29,-486.56,1.18,231.48,5.21
2024/01/26,12:00:00,354.32,1.46,-485.15,1.30,242.47,5.85
2024/01/27,12:00:00,357.65,1.29,-483.49,1.13,251.94,5.30
2024/01/28,12:00:00,356.96,1.29,-483.73,1.16,256.80,5.28
2024/01/29,12:00:00,360.17,1.34,-483.26,1.21,262.20,5.44
2024/01/30,12:00:00,359.03,1.32,-481.27,1.15,262.52,5.42
2024/01/31,12:00:00,361.47,1.31,-477.44,1.14,272.75,5.36
2024/02/01,12:00:00,363.19,1.26,-479.08,1.09,279.72,5.05
2024/02/02,12:00:00,360.57,1.31,-479.58,1.13,275.58,5.38
2024/02/03,12:00:00,363.45,1.61,-477.35,1.39,285.97,6.64
2024/02/04,12:00:00,363.59,1.17,-473.69,1.01,292.42,4.54
2024/02/05,12:00:00,362.92,1.15,-472.06,1.01,289.37,4.45
2024/02/06,12:00:00,361.98,1.17,-469.79,1.01,295.13,4.53
2024/02/07,12:00:00,361.63,1.17,-470.37,1.03,304.83,4.58
2024/02/08,12:00:00,346.04,1.64,-532.87,1.49,242.05,6.76
2024/02/09,12:00:00,352.10,1.18,-534.08,1.05,213.21,4.66
2024/02/10,12:00:00,352.98,1.18,-533.99,1.04,226.63,4.57
2024/02/11,12:00:00,354.66,1.34,-531.93,1.20,231.51,5.22
2024/02/12,12:00:00,353.80,1.27,-530.57,1.07,238.65,4.87
2024/02/13,12:00:00,355.83,1.26,-529.28,1.08,243.84,4.86
2024/02/14,12:00:00,357.50,1.23,-532.14,1.07,252.39,4.74
2024/02/15,12:00:00,358.02,1.23,-528.99,1.08,256.25,4.70
2024/02/16,12:00:00,360.70,1.23,-525.26,1.03,260.63,4.71
2024/02/17,12:00:00,358.63,1.33,-528.28,1.18,265.84,5.15
2024/02/18,12:00:00,361.58,1.21,-527.58,1.07,271.52,4.72
2024/02/19,12:00:00,359.50,1.26,-527.18,1.08,275.15,4.87
2024/02/20,12:00:00,359.15,1.32,-526.92,1.15,283.03,5.18
2024/02/21,12:00:00,358.48,1.23,-526.63,1.06,290.92,4.83
2024/02/22,12:00:00,359.05,1.30,-522.65,1.12,285.95,5.16
2024/02/23,12:00:00,362.78,1.27,-519.25,1.12,304.70,5.00
2024/02/24,12:00:00,365.12,1.30,-520.43,1.18,313.67,4.91
2024/02/25,12:00:00,367.38,1.30,-519.94,1.11,316.66,5.08
2024/02/26,12:00:00,370.95,1.30,-524.20,1.18,325.46,5.22
2024/02/27,12:00:00,368.46,1.41,-519.55,1.24,322.93,5.73
2024/02/28,12:00:00,369.18,1.22,-518.91,1.06,333.81,4.70
2024/02/29,12:00:00,368.16,1.19,-517.52,1.06,337.51,4.54
2024/03/01,12:00:00,369.69,1.32,-516.80,1.17,339.99,5.05
2024/03/02,12:00:00,367.90,1.32,-540.74,1.17,341.18,5.22
2024/03/03,12:00:00,367.14,1.38,-552.80,1.32,340.58,5.53
2024/03/04,12:00:00,370.57,1.26,-551.64,1.08,342.11,4.88
2024/03/05,12:00:00,371.56,1.32,-551.04,1.14,349.05,5.09
2024/03/06,12:00:00,370.02,1.28,-550.18,1.11,352.46,4.82
2024/03/07,12:00:00,374.20,1.39,-551.41,1.24,354.63,5.41
2024/03/08,12:00:00,378.13,1.34,-547.32,1.17,373.31,5.13
2024/03/09,12:00:00,374.24,1.27,-547.62,1.12,369.40,4.98
2024/03/14,12:00:00,376.39,1.58,-546.11,1.14,398.07,4.31
2024/03/15,12:00:00,381.94,1.78,-545.64,1.33,395.73,4.87
2024/03/16,12:00:00,374.04,1.62,-550.33,1.49,400.23,6.38
2024/03/17,12:00:00,365.12,1.22,-616.60,1.06,288.72,4.67
2024/03/18,12:00:00,369.15,1.28,-617.18,1.13,289.93,5.00
2024/03/19,12:00:00,370.08,1.31,-617.25,1.12,295.29,5.05
2024/03/20,12:00:00,372.22,1.31,-619.63,1.11,294.60,4.83
2024/03/21,12:00:00,367.08,1.39,-613.08,1.19,302.77,5.33
2024/03/22,12:00:00,369.99,1.41,-609.72,1.23,297.71,5.09
2024/03/23,12:00:00,369.58,1.72,-608.70,1.51,294.32,6.05
2024/03/24,12:00:00,371.19,1.43,-609.44,1.26,309.23,5.52
2024/03/25,12:00:00,371.20,1.17,-609.90,0.97,311.93,4.49
2024/03/26,12:00:00,371.09,1.21,-607.95,1.04,309.94,4.60
2024/03/27,12:00:00,370.51,1.21,-608.16,1.04,310.10,4.66
2024/03/28,12:00:00,369.79,1.20,-611.39,1.24,317.71,4.88
2024/03/29,12:00:00,374.32,1.36,-609.06,1.30,306.19,5.31
2024/03/30,12:00:00,370.67,1.33,-607.93,1.28,309.08,5.38
2024/03/31,12:00:00,372.47,1.23,-605.29,1.03,310.45,4.71
2024/04/01,12:00:00,372.47,1.21,-605.07,1.03,309.77,4.61
2024/04/02,12:00:00,375.30,1.16,-607.19,1.00,316.36,4.36
2024/04/03,12:00:00,374.42,1.15,-604.00,0.97,315.93,4.32
2024/04/04,12:00:00,372.06,1.16,-602.35,1.00,316.77,4.52
2024/04/05,12:00:00,371.85,1.17,-602.77,1.01,325.24,4.64
2024/04/06,12:00:00,371.05,1.15,-603.49,0.98,326.11,4.58
2024/04/07,12:00:00,374.49,1.20,-601.93,1.05,336.05,4.50
2024/04/08,12:00:00,377.46,1.17,-602.39,1.02,338.43,4.41
2024/04/09,12:00:00,377.59,1.19,-605.20,1.04,338.41,4.50
2024/04/10,12:00:00,380.61,1.13,-601.73,0.99,348.42,4.29
2024/04/11,12:00:00,379.56,1.13,-600.10,0.97,351.73,4.28
2024/04/12,12:00:00,379.23,1.19,-600.56,1.05,353.88,4.48
2024/04/13,12:00:00,381.31,1.12,-597.59,0.95,356.70,4.19
2024/04/14,12:00:00,383.37,1.24,-598.37,1.08,365.96,4.58
2024/04/15,12:00:00,385.07,1.31,-594.86,1.10,369.54,4.93
2024/04/16,12:00:00,385.98,1.53,-596.59,1.33,375.77,5.81
2024/04/17,12:00:00,386.80,1.18,-596.11,1.01,375.24,4.39
2024/04/18,12:00:00,387.19,1.19,-594.35,1.05,379.79,4.47
2024/04/19,12:00:00,388.20,1.56,-595.20,1.37,383.21,5.71
2024/04/20,12:00:00,389.19,1.32,-596.92,1.16,390.53,5.02
2024/04/21,12:00:00,386.84,1.51,-594.72,1.32,392.16,6.05
2024/04/22,12:00:00,387.73,1.26,-592.33,1.06,399.63,4.84
2024/04/23,12:00:00,387.18,1.71,-596.85,1.48,405.21,6.76
2024/04/24,12:00:00,386.80,1.23,-594.85,1.05,405.38,4.67
2024/04/25,12:00:00,387.36,1.27,-590.34,1.13,414.03,4.77
2024/04/26,12:00:00,388.58,1.23,-589.92,1.03,420.26,4.86
2024/04/27,12:00:00,389.16,1.29,-590.52,1.08,418.46,5.03
2024/04/28,12:00:00,390.71,1.25,-591.43,1.05,422.28,4.76
2024/04/29,12:00:00,390.76,1.18,-589.79,1.01,425.65,4.49
2024/04/30,12:00:00,391.33,1.27,-589.58,1.13,426.48,4.89
2024/05/01,12:00:00,395.24,1.24,-590.77,1.03,436.39,4.76
2024/05/02,12:00:00,394.63,1.40,-592.91,1.15,436.28,5.22
2024/05/03,12:00:00,397.70,1.33,-593.15,1.10,443.42,5.13
2024/05/04,12:00:00,395.90,1.23,-592.75,1.06,451.21,4.69
2024/05/05,12:00:00,395.90,1.48,-593.61,1.33,456.64,5.93
2024/05/06,12:00:00,396.93,1.32,-590.91,1.12,461.81,5.22
2024/05/07,12:00:00,399.62,1.30,-590.22,1.11,465.03,5.04
2024/05/08,12:00:00,399.97,1.20,-587.49,1.03,471.06,4.57
2024/05/09,12:00:00,398.21,1.24,-586.72,1.06,476.62,4.77
2024/05/10,12:00:00,400.00,1.40,-588.11,1.29,478.98,5.22
2024/05/11,12:00:00,400.64,1.95,-587.30,1.72,482.74,7.46
2024/05/12,12:00:00,400.20,1.37,-586.95,1.15,481.93,5.41
2024/05/13,12:00:00,400.30,1.25,-587.66,1.04,489.64,4.79
2024/05/14,12:00:00,402.92,1.18,-588.34,1.05,502.94,4.53
2024/05/15,12:00:00,402.49,1.24,-589.31,1.07,503.95,4.72
2024/05/16,12:00:00,403.83,1.34,-586.60,1.12,501.41,5.17
2024/05/17,12:00:00,408.15,1.46,-586.23,1.30,504.36,5.51
2024/05/18,12:00:00,408.18,1.25,-585.32,1.07,513.87,4.92
2024/05/19,12:00:00,406.97,1.30,-588.11,1.17,518.76,4.94
2024/05/20,12:00:00,408.02,1.25,-588.31,1.10,516.39,4.84
2024/05/21,12:00:00,407.68,1.35,-587.02,1.26,522.40,5.18
2024/05/22,12:00:00,410.67,3.05,-562.25,2.85,527.76,7.96
2024/05/23,12:00:00,411.02,1.32,-584.19,1.26,538.82,5.12
2024/05/24,12:00:00,416.76,1.26,-582.60,1.09,532.21,4.85
2024/05/25,12:00:00,412.73,1.52,-580.11,1.33,537.52,5.98
2024/05/26,12:00:00,414.86,1.72,-581.99,1.49,541.37,6.93
2024/05/27,12:00:00,411.37,1.29,-578.19,1.13,547.36,4.65
2024/05/28,12:00:00,409.93,1.33,-580.91,1.18,551.81,4.89
2024/05/29,12:00:00,420.20,5.68,-687.23,8.79,514.55,20.95
2024/05/30,12:00:00,472.96,1.40,-829.92,1.26,409.02,5.04
2024/05/31,12:00:00,473.28,1.41,-829.96,1.30,405.43,5.43
2024/06/01,12:00:00,471.23,1.31,-832.01,1.17,391.79,4.91
2024/06/02,12:00:00,470.78,1.38,-827.42,1.23,384.32,5.14
2024/06/03,12:00:00,466.31,1.27,-827.69,1.11,379.98,4.87
2024/06/04,12:00:00,463.96,1.34,-824.04,1.17,378.25,5.14
2024/06/05,12:00:00,466.26,1.39,-824.56,1.20,371.65,5.22
2024/06/06,12:00:00,464.72,1.30,-824.06,1.11,374.49,4.99
2024/06/07,12:00:00,465.24,1.59,-821.68,1.38,372.58,6.34
2024/06/08,12:00:00,468.34,1.39,-820.08,1.20,381.52,5.49
2024/06/09,12:00:00,466.20,1.23,-821.81,1.08,389.16,4.62
2024/06/10,12:00:00,466.25,1.25,-820.26,1.07,387.24,4.69
2024/06/11,12:00:00,466.61,1.31,-820.15,1.11,387.94,4.96
2024/06/12,12:00:00,468.17,1.34,-817.97,1.15,394.36,5.16
2024/06/13,12:00:00,465.72,1.36,-819.95,1.18,391.71,5.23
2024/06/14,12:00:00,463.52,1.33,-817.31,1.16,398.54,5.25
2024/06/15,12:00:00,465.66,1.30,-818.08,1.13,398.26,5.08
2024/06/16,12:00:00,467.41,1.30,-817.81,1.10,407.29,4.94
2024/06/17,12:00:00,469.38,1.28,-817.37,1.12,399.44,4.95
2024/06/18,12:00:00,470.80,7.04,-932.76,7.06,391.74,19.21
2024/06/19,12:00:00,470.41,1.27,-817.36,1.12,406.74,4.79
2024/06/20,12:00:00,471.44,1.22,-815.62,1.05,412.42,4.69
2024/06/21,12:00:00,469.27,1.28,-815.13,1.13,420.87,4.91
2024/06/22,12:00:00,470.57,1.22,-814.87,1.07,419.61,4.72
2024/06/23,12:00:00,472.49,1.28,-814.97,1.15,422.85,4.91
2024/06/24,12:00:00,475.70,1.25,-812.05,1.13,430.55,4.84
2024/06/25,12:00:00,477.27,1.27,-811.56,1.15,434.13,4.62
2024/06/26,12:00:00,473.94,1.29,-811.00,1.13,443.16,4.88
2024/06/27,12:00:00,472.32,1.36,-809.28,1.25,449.98,5.21
2024/06/28,12:00:00,476.58,1.81,-806.72,1.46,448.62,6.81
2024/06/29,12:00:00,477.93,1.35,-807.24,1.16,465.66,5.14
2024/06/30,12:00:00,477.26,1.44,-810.94,1.22,468.90,5.73
2024/07/01,12:00:00,480.09,1.23,-808.17,1.07,471.23,4.66
2024/07/02,12:00:00,480.83,1.29,-804.86,1.13,475.32,4.81
2024/07/03,12:00:00,477.78,1.33,-803.95,1.20,477.95,5.02
2024/07/04,12:00:00,481.57,1.32,-804.40,1.24,482.28,4.94
2024/07/05,12:00:00,478.55,1.25,-802.73,1.13,488.47,4.64
2024/07/06,12:00:00,480.17,1.35,-803.33,1.20,490.18,5.03
2024/07/07,12:00:00,482.13,1.32,-801.59,1.16,503.61,4.89
2024/07/08,12:00:00,481.69,1.23,-799.34,1.11,504.80,4.59
2024/07/09,12:00:00,479.35,1.27,-798.89,1.12,508.08,4.77
2024/07/10,12:00:00,484.56,1.42,-800.29,1.25,519.54,5.48
2024/07/11,12:00:00,485.46,1.36,-800.74,1.24,527.96,5.28
2024/07/12,12:00:00,487.84,1.30,-796.62,1.16,539.40,4.94
2024/07/13,12:00:00,489.42,1.32,-796.02,1.23,533.31,5.06
2024/07/14,12:00:00,489.39,1.38,-797.02,1.25,539.41,5.23
2024/07/15,12:00:00,483.62,1.30,-798.89,1.16,534.74,4.94
2024/07/16,12:00:00,481.66,1.31,-796.01,1.18,536.48,4.92
2024/07/17,12:00:00,487.20,1.28,-795.31,1.15,544.06,4.79
2024/07/18,12:00:00,485.80,1.40,-794.13,1.28,543.24,5.36
2024/07/19,12:00:00,488.07,1.50,-792.03,1.32,559.28,5.36
2024/07/20,12:00:00,487.62,1.40,-793.37,1.26,559.48,5.09
2024/07/21,12:00:00,490.85,1.36,-790.76,1.22,564.45,4.90
2024/07/22,12:00:00,491.45,1.26,-793.37,1.11,564.38,4.66
2024/07/23,12:00:00,493.68,1.23,-793.19,1.09,573.28,4.66
2024/07/24,12:00:00,490.79,1.34,-791.43,1.19,574.39,5.07
2024/07/25,12:00:00,491.11,1.40,-792.59,1.28,582.03,5.20
2024/07/26,12:00:00,490.54,1.46,-790.04,1.25,582.15,5.55
2024/07/27,12:00:00,494.83,1.27,-790.63,1.13,587.82,4.65
2024/07/28,12:00:00,493.47,1.40,-790.51,1.29,589.08,4.96
2024/07/29,12:00:00,490.63,1.51,-791.07,1.31,592.11,6.01
2024/07/30,12:00:00,493.23,1.38,-789.44,1.21,599.17,5.49
2024/07/31,12:00:00,494.95,1.56,-789.46,1.32,599.82,6.02
2024/08/01,12:00:00,491.24,1.72,-790.12,1.45,596.55,6.78
2024/08/02,12:00:00,497.39,1.38,-786.23,1.22,610.29,5.18
2024/08/03,12:00:00,495.58,1.53,-785.14,1.28,616.83,5.90
2024/08/04,12:00:00,495.09,1.60,-787.02,1.41,615.29,6.39
2024/08/05,12:00:00,494.30,1.50,-785.07,1.30,619.47,5.87
2024/08/06,12:00:00,498.59,1.38,-785.71,1.19,627.39,5.29
2024/08/07,12:00:00,498.14,1.29,-782.87,1.12,635.29,4.77
2024/08/08,12:00:00,499.11,1.28,-785.30,1.14,642.56,4.74
2024/08/09,12:00:00,497.96,1.30,-782.64,1.17,643.02,4.88
2024/08/10,12:00:00,498.69,1.31,-782.97,1.18,651.91,4.87
2024/08/11,12:00:00,499.36,1.32,-784.37,1.14,645.63,4.93
2024/08/12,12:00:00,495.96,1.79,-789.34,1.68,644.01,7.45
2024/08/13,12:00:00,500.60,1.31,-782.20,1.16,655.23,4.77
2024/08/14,12:00:00,501.11,1.29,-783.06,1.11,654.85,4.84
2024/08/15,12:00:00,502.27,1.28,-782.14,1.15,664.85,4.63
2024/08/16,12:00:00,505.51,1.40,-777.40,1.25,670.09,5.27
2024/08/17,12:00:00,504.10,1.34,-780.08,1.19,670.70,5.01
2024/08/18,12:00:00,505.53,1.31,-779.18,1.15,676.83,5.00
2024/08/19,12:00:00,505.35,1.30,-778.84,1.16,678.96,4.89
2024/08/20,12:00:00,507.21,1.32,-778.21,1.13,685.73,5.00
2024/08/21,12:00:00,504.82,1.30,-779.42,1.11,689.71,4.86
2024/08/22,12:00:00,503.26,1.67,-779.92,1.42,691.51,6.28
2024/08/23,12:00:00,468.70,1.66,-872.96,1.43,410.07,6.55
2024/08/24,12:00:00,465.78,1.58,-875.73,1.36,393.34,6.25
2024/08/25,12:00:00,468.16,1.33,-874.51,1.16,385.61,5.03
2024/08/26,12:00:00,468.01,1.39,-875.36,1.20,375.20,5.25
2024/08/27,12:00:00,466.52,1.33,-877.91,1.19,371.70,4.76
2024/08/28,12:00:00,464.30,1.56,-876.56,1.34,359.66,6.39
2024/08/29,12:00:00,467.63,1.38,-871.62,1.21,365.76,5.09
2024/08/30,12:00:00,470.31,1.50,-875.80,1.37,368.39,5.73
2024/08/31,12:00:00,469.29,1.75,-884.17,1.46,371.06,7.02
2024/09/01,12:00:00,469.32,1.47,-877.21,1.24,371.41,5.71
2024/09/02,12:00:00,466.45,1.41,-878.08,1.21,370.49,5.24
2024/09/03,12:00:00,468.74,1.36,-871.34,1.16,375.50,4.92
2024/09/04,12:00:00,474.78,1.51,-870.55,1.35,380.34,5.74
2024/09/06,12:00:00,473.03,1.41,-869.29,1.26,389.07,5.19
2024/09/07,12:00:00,474.85,1.41,-874.23,1.29,390.87,5.28
2024/09/08,12:00:00,472.27,1.37,-868.44,1.22,396.07,5.04
2024/09/09,12:00:00,473.01,1.44,-864.49,1.30,400.49,5.46
2024/09/10,12:00:00,472.30,1.56,-861.64,1.39,399.55,5.83
2024/09/11,12:00:00,475.75,1.36,-862.01,1.26,413.27,5.13
2024/09/12,12:00:00,475.59,1.68,-861.44,1.45,414.38,6.20
2024/09/13,12:00:00,500.35,5.56,-903.62,5.23,502.01,16.35
2024/09/14,12:00:00,475.93,1.39,-865.99,1.15,423.17,5.38
2024/09/15,12:00:00,477.57,1.35,-863.54,1.18,428.46,5.23
2024/09/16,12:00:00,479.03,1.53,-862.66,1.25,434.51,5.84
2024/09/17,12:00:00,480.83,1.75,-864.63,1.52,443.82,7.22
2024/09/18,12:00:00,479.81,1.37,-861.88,1.14,450.57,5.25
2024/09/19,12:00:00,480.87,1.38,-859.45,1.19,450.45,5.42
2024/09/20,12:00:00,480.70,1.32,-857.13,1.11,454.08,5.05
2024/09/21,12:00:00,480.57,1.26,-857.06,1.06,458.71,4.80
2024/09/22,12:00:00,481.71,1.30,-854.34,1.11,463.44,4.92
2024/09/23,12:00:00,480.96,1.31,-855.16,1.12,468.15,5.09
2024/09/24,12:00:00,483.77,1.40,-849.64,1.21,471.91,5.35
2024/09/25,12:00:00,481.01,1.69,-851.93,1.43,475.52,6.81
2024/09/26,12:00:00,479.82,1.43,-853.61,1.23,475.84,5.64
2024/09/27,12:00:00,484.05,1.29,-851.46,1.10,484.39,4.91
2024/09/28,12:00:00,487.39,1.33,-850.71,1.23,489.63,5.08
2024/09/29,12:00:00,484.26,1.35,-850.28,1.19,487.63,5.26
2024/09/30,12:00:00,485.63,1.46,-849.23,1.36,496.66,5.72
2024/10/01,12:00:00,486.45,1.31,-850.31,1.14,500.94,4.93
2024/10/02,12:00:00,488.33,1.30,-851.35,1.21,502.14,4.86
2024/10/03,12:00:00,486.77,1.33,-848.91,1.21,506.45,5.01
2024/10/04,12:00:00,488.34,1.39,-848.87,1.29,515.78,5.30
2024/10/05,12:00:00,487.28,1.36,-846.92,1.27,516.07,5.18
2024/10/06,12:00:00,489.09,1.34,-845.67,1.25,516.31,5.09
2024/10/07,12:00:00,487.29,1.83,-845.36,1.77,521.22,7.20
2024/10/08,12:00:00,490.93,1.63,-847.84,1.32,516.86,6.34
2024/10/09,12:00:00,490.30,1.37,-845.33,1.24,528.30,5.39
2024/10/10,12:00:00,494.16,1.62,-841.57,1.38,534.11,6.25
2024/10/11,12:00:00,490.35,1.53,-844.70,1.25,528.09,6.34
2024/10/12,12:00:00,490.86,1.23,-842.30,1.15,542.34,4.65
2024/10/13,12:00:00,491.02,1.19,-842.05,1.05,548.77,4.47
2024/10/14,12:00:00,493.46,1.28,-842.74,1.17,551.27,4.89
2024/10/15,12:00:00,490.51,1.41,-842.40,1.25,546.17,5.54
2024/10/16,12:00:00,491.96,1.41,-840.95,1.29,555.66,5.51
2024/10/17,12:00:00,491.01,1.31,-841.18,1.14,559.33,5.22
2024/10/18,12:00:00,491.71,1.51,-841.24,1.36,562.41,6.18
2024/10/19,12:00:00,493.64,1.56,-840.75,1.38,569.31,6.63
2024/10/20,12:00:00,491.49,1.41,-838.24,1.23,574.49,5.54
2024/10/21,12:00:00,491.44,1.53,-839.80,1.34,570.46,5.88
2024/10/22,12:00:00,495.64,1.48,-838.90,1.37,577.83,5.79
2024/10/23,12:00:00,495.89,1.54,-839.21,1.41,575.68,6.24
2024/10/24,12:00:00,495.14,1.45,-836.38,1.31,583.72,5.74
2024/10/25,12:00:00,498.59,1.51,-840.26,1.34,590.19,6.05
2024/10/26,12:00:00,495.83,1.56,-835.75,1.50,591.69,6.35
2024/10/27,12:00:00,498.98,1.38,-835.94,1.28,602.20,5.43
2024/10/28,12:00:00,501.60,1.43,-838.17,1.32,604.89,5.59
2024/10/29,12:00:00,501.37,1.61,-837.63,1.58,602.04,6.47
2024/10/30,12:00:00,504.14,1.57,-839.94,1.52,601.97,6.38
2024/10/31,12:00:00,506.47,1.48,-833.83,1.34,606.69,6.03
2024/11/01,12:00:00,502.56,1.34,-836.08,1.23,612.22,5.34
2024/11/02,12:00:00,503.60,1.44,-837.45,1.39,615.33,5.65
2024/11/03,12:00:00,504.76,1.57,-835.05,1.47,620.98,6.23
2024/11/04,12:00:00,500.92,1.44,-836.58,1.33,626.63,5.90
2024/11/05,12:00:00,506.73,1.63,-836.17,1.54,626.90,6.39
2024/11/06,12:00:00,502.51,1.57,-837.44,1.46,636.64,6.42
2024/11/07,12:00:00,501.22,1.50,-837.84,1.43,635.59,5.99
2024/11/08,12:00:00,504.97,1.45,-831.95,1.30,639.72,5.71
2024/11/09,12:00:00,505.96,1.89,-838.24,1.81,636.74,8.20
2024/11/10,12:00:00,505.61,1.92,-835.58,1.90,634.38,8.01
2024/11/11,12:00:00,506.98,1.48,-835.33,1.38,651.74,6.04
2024/11/12,12:00:00,507.22,1.47,-833.27,1.33,660.21,5.95
2024/11/13,12:00:00,512.23,2.01,-831.03,1.86,669.44,8.57
2024/11/14,12:00:00,508.11,1.61,-832.14,1.50,656.71,6.54
2024/11/15,12:00:00,508.92,1.54,-829.63,1.43,654.19,6.38
2024/11/16,12:00:00,506.31,1.27,-827.89,1.12,663.20,5.06
2024/11/17,12:00:00,505.27,1.34,-825.88,1.22,662.53,5.36
2024/11/18,12:00:00,504.35,1.27,-826.71,1.20,659.70,4.98
2024/11/19,12:00:00,506.09,1.29,-826.21,1.18,663.20,5.07
2024/11/20,12:00:00,504.93,1.34,-825.79,1.22,661.57,5.33
2024/11/21,12:00:00,480.71,1.59,-873.73,1.50,508.54,6.54
2024/11/22,12:00:00,477.77,1.42,-878.54,1.35,452.80,5.78
2024/11/23,12:00:00,476.26,1.28,-880.94,1.17,433.89,5.09
2024/11/24,12:00:00,470.19,1.69,-877.69,1.57,419.55,7.06
2024/11/25,12:00:00,473.68,1.41,-878.67,1.28,429.95,5.64
2024/11/26,12:00:00,476.52,1.23,-880.68,1.12,432.52,4.94
2024/11/27,12:00:00,478.45,1.32,-880.26,1.20,431.57,5.38
2024/11/28,12:00:00,476.91,1.20,-877.29,1.12,432.03,4.71
2024/11/29,12:00:00,478.32,1.26,-880.41,1.21,436.16,5.05
2024/11/30,12:00:00,478.75,1.29,-877.72,1.17,437.01,5.16
2024/12/01,12:00:00,477.44,1.14,-876.19,1.09,435.88,4.55
2024/12/02,12:00:00,480.17,1.27,-879.08,1.14,436.55,5.13
2024/12/03,12:00:00,477.02,1.30,-875.28,1.19,438.40,5.19
2024/12/04,12:00:00,478.91,1.32,-875.86,1.24,443.12,5.35
2024/12/05,12:00:00,477.79,1.22,-875.40,1.09,447.29,4.85
2024/12/06,12:00:00,482.49,1.26,-872.95,1.13,453.36,4.93
2024/12/07,12:00:00,482.83,1.24,-870.52,1.12,461.28,4.88
2024/12/08,12:00:00,486.53,1.44,-876.01,1.32,469.55,5.87
2024/12/09,12:00:00,484.08,1.42,-874.53,1.32,465.26,5.79
2024/12/10,12:00:00,484.80,1.26,-871.80,1.13,469.26,5.08
2024/12/11,12:00:00,484.61,1.41,-873.76,1.18,472.27,5.75
2024/12/12,12:00:00,484.81,1.35,-869.43,1.19,476.22,5.43
2024/12/13,12:00:00,486.33,1.17,-865.01,1.05,490.18,4.67
2024/12/14,12:00:00,488.06,1.43,-869.07,1.31,491.86,5.81
2024/12/15,12:00:00,486.14,1.43,-868.61,1.28,482.18,5.88
2024/12/16,12:00:00,487.37,1.29,-868.62,1.17,488.05,5.27
2024/12/17,12:00:00,488.11,1.49,-869.10,1.34,492.33,6.07
2024/12/18,12:00:00,486.63,1.24,-862.94,1.13,497.97,4.77
2024/12/19,12:00:00,488.28,1.18,-865.07,1.12,502.45,4.81
2024/12/20,12:00:00,489.08,1.29,-865.72,1.17,499.76,5.22
2024/12/21,12:00:00,486.55,1.25,-863.03,1.14,507.54,5.03
2024/12/22,12:00:00,492.20,1.35,-862.00,1.29,515.12,5.63
2024/12/23,12:00:00,493.13,1.63,-865.95,1.49,520.08,6.64
2024/12/24,12:00:00,491.63,1.44,-867.50,1.31,519.18,6.04
2024/12/25,12:00:00,493.34,1.45,-864.61,1.28,527.16,5.95
2024/12/26,12:00:00,493.74,1.28,-864.25,1.14,530.75,5.07
2024/12/27,12:00:00,494.04,1.51,-862.88,1.33,527.85,6.04
2024/12/28,12:00:00,493.61,1.28,-858.71,1.14,526.16,5.02
2024/12/29,12:00:00,493.74,1.46,-857.90,1.34,528.33,5.66
2024/12/30,12:00:00,494.27,1.22,-857.33,1.11,534.09,4.76
2025/01/01,12:00:00,491.34,1.91,-854.95,1.61,540.45,7.28
2025/01/02,12:00:00,492.52,1.30,-854.69,1.17,543.95,4.93
2025/01/03,12:00:00,493.02,1.35,-855.69,1.20,544.26,5.24
2025/01/04,12:00:00,492.03,1.58,-855.68,1.36,550.81,6.28
2025/01/05,12:00:00,493.18,1.39,-850.10,1.36,559.33,5.64
2025/01/06,12:00:00,490.49,1.38,-851.34,1.23,562.25,5.47
2025/01/07,12:00:00,495.19,1.23,-853.57,1.09,568.07,4.88
2025/01/08,12:00:00,492.44,1.17,-851.94,1.02,566.23,4.59
2025/01/09,12:00:00,494.62,1.23,-853.48,1.09,571.53,4.71
2025/01/10,12:00:00,498.65,1.34,-851.10,1.22,575.67,5.36
2025/01/11,12:00:00,502.06,1.33,-851.66,1.14,575.10,5.21
2025/01/12,12:00:00,501.58,1.39,-853.19,1.20,576.64,5.43
2025/01/13,12:00:00,499.82,1.35,-851.80,1.16,577.24,5.23
2025/01/14,12:00:00,502.43,1.37,-854.11,1.20,588.91,5.41
2025/01/15,12:00:00,500.77,1.32,-853.00,1.15,588.71,5.21
2025/01/16,12:00:00,500.63,1.33,-850.84,1.14,589.71,5.26
2025/01/17,12:00:00,501.75,1.43,-850.37,1.25,593.98,5.78
2025/01/18,12:00:00,499.13,1.33,-847.80,1.15,593.29,5.23
2025/01/19,12:00:00,498.89,1.46,-847.65,1.28,596.37,5.75
2025/01/20,12:00:00,500.30,1.42,-844.97,1.18,606.08,5.40
2025/01/21,12:00:00,499.56,1.33,-845.67,1.21,612.02,5.15
2025/01/22,12:00:00,502.23,1.35,-848.60,1.15,615.88,5.15
2025/01/23,12:00:00,499.63,1.51,-849.95,1.31,614.42,6.04
2025/01/24,12:00:00,498.43,1.33,-849.15,1.15,618.08,5.26
2025/01/25,12:00:00,500.69,1.21,-846.85,1.03,621.80,4.66
2025/01/26,12:00:00,502.06,1.20,-847.41,1.03,626.61,4.61
2025/01/27,12:00:00,503.80,1.14,-847.50,1.06,626.41,4.40
2025/01/28,12:00:00,504.41,1.53,-843.13,1.47,628.87,6.07
2025/01/29,12:00:00,503.24,1.21,-841.48,1.06,626.33,4.61
2025/01/30,12:00:00,505.49,1.46,-846.03,1.32,629.74,5.74
2025/01/31,12:00:00,510.09,1.45,-842.75,1.30,641.01,5.65
2025/02/03,12:00:00,502.45,1.84,-843.25,1.32,641.79,6.99
2025/02/04,12:00:00,506.54,1.46,-843.27,1.28,647.40,5.75
2025/02/05,12:00:00,503.88,3.65,-853.37,3.31,637.36,8.47
2025/02/06,12:00:00,509.37,1.40,-845.22,1.26,646.72,5.45
2025/02/07,12:00:00,509.98,1.40,-841.53,1.28,652.06,5.51
2025/02/08,12:00:00,510.48,1.36,-839.73,1.21,645.28,5.30
2025/02/09,12:00:00,512.72,1.39,-840.80,1.28,651.38,5.46
2025/02/10,12:00:00,509.74,1.49,-839.02,1.32,654.31,5.86
2025/02/11,12:00:00,506.97,1.44,-838.38,1.24,651.04,5.62
2025/02/12,12:00:00,497.98,2.42,-841.07,2.24,640.94,7.30
2025/02/13,12:00:00,507.42,1.67,-837.94,1.44,654.21,6.79
2025/02/14,12:00:00,508.03,1.54,-838.29,1.36,658.20,6.16
2025/02/15,12:00:00,506.93,1.65,-839.65,1.35,661.60,6.21
2025/02/16,12:00:00,507.58,1.43,-837.50,1.20,668.05,5.53
2025/02/17,12:00:00,509.47,1.30,-837.39,1.13,665.83,4.96
2025/02/18,12:00:00,507.70,1.42,-837.75,1.28,669.52,5.35
2025/02/19,12:00:00,508.00,1.63,-843.76,1.59,668.32,6.33
2025/02/20,12:00:00,505.10,1.47,-839.20,1.25,669.68,5.83
2025/02/21,12:00:00,505.24,4.19,-822.17,3.71,697.13,10.43
2025/02/22,12:00:00,508.28,1.30,-838.10,1.16,677.58,5.06
2025/02/23,12:00:00,507.73,1.39,-837.86,1.29,681.05,5.37
2025/02/24,12:00:00,509.67,1.42,-836.05,1.35,682.53,5.28
2025/02/25,12:00:00,510.57,1.37,-836.55,1.29,684.88,5.21
2025/02/26,12:00:00,514.90,1.57,-836.99,1.38,683.39,6.27
2025/02/27,12:00:00,517.95,1.65,-835.21,1.45,686.69,6.38
2025/02/28,12:00:00,513.41,1.88,-841.11,1.64,688.10,7.81
2025/03/01,12:00:00,517.93,1.55,-835.76,1.35,699.83,5.84
2025/03/02,12:00:00,516.92,1.61,-836.65,1.43,698.77,6.10
2025/03/03,12:00:00,517.90,1.45,-836.98,1.30,704.86,5.20
2025/03/04,12:00:00,514.79,1.67,-839.92,1.59,699.25,6.36
2025/03/05,12:00:00,515.79,1.57,-836.60,1.39,706.10,6.01
2025/03/06,12:00:00,514.02,1.42,-834.76,1.29,703.97,5.30
2025/03/07,12:00:00,515.44,1.47,-832.58,1.35,701.95,5.54
2025/03/08,12:00:00,516.27,1.75,-829.96,1.57,706.72,6.84
2025/03/09,12:00:00,513.94,1.66,-830.42,1.46,717.93,6.63
2025/03/10,12:00:00,516.21,1.61,-830.69,1.45,716.66,5.79
2025/03/11,12:00:00,512.51,1.76,-828.14,1.64,722.87,6.03
2025/03/12,12:00:00,514.10,1.87,-831.99,1.55,719.04,7.03
2025/03/13,12:00:00,517.85,1.77,-828.90,1.56,722.07,6.35
2025/03/14,12:00:00,517.71,1.38,-830.73,1.16,717.44,5.40
2025/03/15,12:00:00,517.32,1.26,-830.80,1.11,720.92,4.91
2025/03/16,12:00:00,519.38,1.42,-831.06,1.31,719.09,5.38
2025/03/17,12:00:00,518.90,1.43,-832.27,1.27,720.89,5.53
2025/03/18,12:00:00,519.37,1.42,-831.67,1.26,725.42,5.54
2025/03/19,12:00:00,519.36,1.61,-832.49,1.45,724.90,6.33
2025/03/20,12:00:00,519.00,1.30,-832.62,1.13,721.32,4.95
2025/03/21,12:00:00,517.50,1.67,-831.70,1.52,724.52,6.41
2025/03/22,12:00:00,520.53,1.49,-829.36,1.23,729.51,6.05
2025/03/23,12:00:00,523.10,1.33,-830.03,1.22,741.08,5.14
2025/03/24,12:00:00,516.64,1.58,-830.75,1.45,734.95,6.17
2025/03/25,12:00:00,521.85,1.47,-831.01,1.39,737.52,5.81
2025/03/26,12:00:00,520.66,1.61,-833.03,1.43,734.36,6.26
2025/03/27,12:00:00,516.79,1.45,-830.73,1.26,738.98,5.65
2025/03/28,12:00:00,519.68,1.25,-829.16,1.09,741.65,4.83
2025/03/29,12:00:00,520.58,1.24,-831.10,1.08,746.73,4.82
2025/03/30,12:00:00,521.30,1.28,-834.81,1.12,742.40,4.90
2025/03/31,12:00:00,523.67,1.36,-833.49,1.18,745.99,5.22
2025/04/01,12:00:00,591.95,7.50,-1069.46,7.51,630.96,29.43
2025/04/02,12:00:00,648.37,1.63,-1140.86,1.40,457.44,6.18
2025/04/03,12:00:00,650.18,1.44,-1132.91,1.33,477.69,5.48
2025/04/04,12:00:00,651.67,1.62,-1133.45,1.34,489.88,6.45
2025/04/05,12:00:00,653.03,1.67,-1130.66,1.44,491.23,6.31
2025/04/06,12:00:00,648.56,1.49,-1127.42,1.26,506.51,5.87
2025/04/07,12:00:00,653.47,1.54,-1123.98,1.32,511.99,6.07
2025/04/08,12:00:00,651.24,1.52,-1123.03,1.29,520.70,5.89
2025/04/09,12:00:00,656.36,1.47,-1124.50,1.27,529.38,5.86
2025/04/10,12:00:00,652.88,1.74,-1125.27,1.54,533.87,6.76
2025/04/11,12:00:00,655.37,1.65,-1124.01,1.36,532.68,6.39
2025/04/12,12:00:00,652.48,1.62,-1119.71,1.37,543.68,6.34
2025/04/13,12:00:00,653.22,1.42,-1118.51,1.25,549.08,5.46
2025/04/14,12:00:00,651.00,1.37,-1117.03,1.16,552.35,5.21
2025/04/15,12:00:00,654.34,1.32,-1117.73,1.16,558.82,5.07
2025/04/16,12:00:00,654.10,1.48,-1115.69,1.29,558.96,5.61
2025/04/18,12:00:00,654.75,1.31,-1114.48,1.13,565.69,5.13
2025/04/19,12:00:00,654.76,1.46,-1115.89,1.36,566.74,5.48
2025/04/20,12:00:00,654.03,1.19,-1113.99,1.02,573.49,4.60